22639,182,218,345,526,562,747,1085,1698,2806,2930,1602,337,137,93,89,95,146,113,171,228,315,438,658,1
21321,189,202,232,356,457,871,1049,1655,2611,3321,3153,266,112,83,100,195,267,58,45,51,86,308,1172,1
22642,285,240,382,464,472,564,719,1208,2672,3856,2907,123,35,21,34,47,33,41,26,60,117,307,905,1
19622,104,106,162,261,623,1326,1336,1926,3112,3854,2553,600,229,175,118,74,53,52,49,81,148,445,1151,1
17869,122,96,128,231,304,568,830,1785,5071,5863,2684,420,221,127,120,165,99,34,21,48,141,410,803,1
19631,157,199,213,334,376,454,798,1647,4059,4845,2158,546,284,278,329,239,175,126,126,229,248,314,395,1
21879,126,140,236,454,492,444,530,1147,3171,4425,1925,455,338,249,163,157,204,155,134,156,215,421,544,1
18247,26,20,51,135,174,231,407,532,1471,7556,7840,253,85,54,44,109,126,54,53,58,76,174,384,1
21229,85,94,169,317,414,401,744,1210,2303,5085,3497,219,72,30,52,111,226,126,109,124,193,295,1055,1
16402,101,77,113,233,305,480,629,1054,2804,4517,7765,287,169,209,204,301,211,64,52,52,113,385,1633,1
23724,38,41,56,128,143,108,224,565,1658,3763,4495,348,224,245,331,314,263,168,109,133,168,166,748,1
21629,158,158,248,496,504,363,500,876,2429,4950,2777,497,149,127,141,179,106,60,82,121,218,518,874,1
20598,172,217,310,275,336,368,787,1785,3761,4441,2444,569,318,177,146,119,103,91,60,107,121,253,602,1
20930,75,140,220,191,201,173,465,1635,3680,5173,2892,187,53,50,51,62,85,35,27,31,86,315,1403,1
20580,160,143,216,198,150,129,212,675,3420,5705,3626,608,214,120,62,57,60,41,39,65,121,430,1129,1
18754,118,140,189,263,343,408,480,935,2403,5730,5460,401,249,159,131,139,160,73,80,98,179,348,920,1
20418,204,255,386,573,587,724,1270,1903,3058,3854,2019,350,148,127,230,372,168,75,55,87,214,421,662,1
20185,216,226,384,635,774,750,760,1246,2690,4942,2719,206,65,63,61,71,116,103,96,132,190,312,1218,1
19501,174,283,371,511,594,654,999,1752,3592,4804,2632,170,42,49,84,129,131,40,26,36,119,309,1158,1
21104,189,162,210,282,416,503,798,1401,2840,4572,2427,591,343,244,195,198,155,113,140,177,235,402,463,1
22726,185,206,303,509,586,599,932,1425,2786,3216,1654,341,201,145,174,215,204,181,206,244,260,336,526,1
20642,286,314,464,563,361,273,350,726,1554,3265,7320,112,65,55,97,153,155,73,44,73,106,130,979,1
20618,64,83,124,190,301,283,578,1281,3737,5447,2396,366,226,163,108,82,90,45,37,71,140,560,1170,1
19768,232,218,292,449,573,558,800,1279,2461,3629,3252,462,434,492,434,407,349,204,174,171,165,320,1037,1
21452,111,145,186,226,227,435,642,1160,2931,4604,2714,450,209,135,157,133,132,118,106,120,167,529,1071,1
20526,66,56,113,102,112,106,273,792,2151,6158,4688,457,159,99,78,75,91,72,76,125,162,287,1336,1
21403,130,118,157,322,355,352,562,1259,3226,4649,2907,397,117,63,73,112,89,25,28,83,180,479,1074,1
21929,127,107,175,167,224,304,453,916,2796,4857,3410,336,88,63,90,162,136,64,73,68,138,437,1040,1
22320,139,152,241,344,419,436,359,932,3242,4177,2375,316,98,100,140,256,240,201,158,179,175,468,693,1
21532,94,80,108,166,400,692,838,1489,3515,4204,2090,420,196,184,157,116,128,90,91,121,198,440,811,1
15740,127,159,289,309,178,228,389,1239,3652,5841,5856,324,140,112,164,209,62,11,11,29,59,335,2697,1
21657,68,84,132,168,160,161,289,777,2292,4587,5222,398,282,192,145,102,51,31,28,67,129,292,846,1
19491,182,244,339,429,596,659,801,1231,3376,5868,2859,227,112,68,75,92,102,96,75,61,220,355,602,1
20002,266,298,529,886,998,873,923,1104,2068,4249,2900,293,86,63,93,204,297,196,145,195,194,329,969,1
16922,129,139,212,277,270,374,1061,1688,4915,5852,2891,515,218,174,169,316,293,123,90,64,88,317,1063,1
21816,179,186,284,321,289,386,887,2018,2788,3871,2503,369,224,141,127,136,91,73,83,117,329,393,549,1
20593,182,164,275,432,411,407,663,1095,2959,5698,2565,381,159,69,63,88,109,107,180,200,222,437,701,1
21245,143,172,236,241,279,313,599,1560,3196,5155,2715,196,74,46,54,108,132,58,58,105,152,298,1025,1
23988,118,92,115,173,195,255,479,775,2723,4066,2320,317,175,212,169,167,226,157,129,151,192,209,757,1
17479,225,297,357,496,435,537,946,1304,2785,5455,4575,240,137,136,125,232,148,71,72,108,177,420,1403,1
21033,112,146,339,634,657,573,693,1250,3397,4151,1990,422,293,254,293,351,225,166,128,139,156,245,513,1
20593,96,83,127,134,137,119,219,821,3222,5325,4431,410,170,179,128,112,30,14,15,26,101,360,1308,1
17754,261,220,451,788,911,641,769,1197,3122,4277,4769,240,87,53,35,87,155,119,134,183,318,561,1028,1
25308,118,131,188,202,158,176,243,969,2006,3495,2790,195,100,54,80,86,134,99,100,107,135,293,993,1
21764,294,238,248,387,427,427,629,1000,1976,4259,4967,185,47,40,46,62,102,77,54,110,143,258,420,1
26365,92,111,140,253,255,182,136,328,2559,3620,1735,321,91,55,91,88,109,27,43,103,212,510,734,1
21643,135,113,190,396,637,868,1085,1456,2015,3734,3360,167,59,37,55,124,83,59,92,151,259,433,1009,1
17121,92,110,117,169,156,248,291,624,1100,5647,11340,175,56,40,22,46,26,8,17,27,61,137,530,1
23866,169,145,207,293,349,524,546,892,1351,3062,4308,82,41,28,63,154,117,80,75,107,137,214,1350,1
22238,394,346,377,387,560,616,641,971,2622,4276,1850,291,173,133,141,118,179,164,180,303,300,458,442,1
23337,189,192,183,162,139,121,167,456,1233,3162,5509,524,283,161,131,125,110,106,114,211,178,276,1091,1
26046,123,129,139,178,311,332,432,1023,1981,2552,1870,376,261,204,260,249,253,111,110,120,204,346,550,1
22362,117,95,167,387,425,391,498,1079,3069,4773,2383,364,105,61,83,187,130,48,60,70,189,445,672,1
21127,125,103,103,146,188,204,308,549,1487,4899,5461,453,230,156,118,157,122,121,96,93,133,217,1564,1
19081,188,255,339,615,705,916,1339,1574,3503,3959,2678,237,101,75,112,138,134,80,85,113,238,478,1217,1
23151,223,245,322,421,552,696,912,1431,2394,3871,2031,216,129,132,94,114,89,73,117,97,110,199,541,1
20550,164,127,204,432,457,665,790,1431,3273,4561,2639,433,171,156,193,177,42,9,19,44,89,411,1123,1
20593,194,215,284,348,361,411,821,1398,3358,4573,2484,296,178,95,68,105,118,172,323,366,286,378,735,1
27350,37,77,152,249,408,469,625,1135,2267,1887,1225,166,104,109,171,375,199,128,88,87,114,121,617,1
16318,173,166,415,471,598,803,1158,2177,4713,5912,2244,267,124,127,154,108,90,84,123,207,232,537,959,1
20195,173,164,271,474,560,454,506,980,2304,4658,4271,355,211,125,104,121,112,73,53,119,225,423,1229,1
23402,154,187,159,198,189,229,432,1245,2839,3649,2985,181,70,43,84,98,117,101,77,85,78,285,1273,-1
17981,329,329,509,613,657,791,1129,2038,4191,4231,1912,503,287,246,323,355,232,138,159,185,270,432,320,-1
18703,171,225,400,455,492,574,721,1619,3672,5084,3304,677,253,236,234,201,112,38,46,67,128,286,462,-1
27749,48,60,147,218,222,191,441,875,2457,2881,1410,169,100,89,127,108,56,28,28,27,60,211,458,-1
23361,81,110,166,287,349,364,607,1213,3761,3635,2016,186,75,51,71,53,45,20,18,27,79,395,1190,-1
23818,181,240,362,486,491,431,706,1505,2746,3732,1727,258,108,124,111,111,63,36,24,37,99,253,511,-1
20419,149,188,314,475,555,425,749,1789,3952,4687,2367,192,94,114,168,183,123,162,159,178,211,265,242,-1
19434,280,304,409,522,511,816,697,1168,2984,4237,2616,585,237,194,245,332,384,280,291,332,359,436,507,-1
19625,155,209,359,462,455,310,661,1652,3799,5179,2867,426,143,128,104,145,123,75,40,90,162,370,621,-1
19896,299,282,398,539,491,403,743,1188,3332,4790,2366,517,189,166,189,310,329,146,111,163,319,503,491,-1
22037,210,229,363,536,554,577,703,1463,3547,4288,1634,245,87,71,118,145,146,99,69,95,181,386,377,-1
17554,204,206,319,400,298,364,751,2008,3826,5696,3294,257,96,105,101,132,108,28,20,50,154,418,1771,-1
21289,296,325,490,700,568,331,786,1532,2475,4153,2218,410,186,146,175,156,107,71,62,112,116,273,1183,-1
19409,101,85,145,245,281,217,540,1206,3749,5730,3671,184,44,50,49,58,37,48,57,67,152,540,1495,-1
23417,143,136,163,284,273,305,620,1315,3152,4363,2364,497,150,63,57,53,26,16,17,25,51,187,483,-1
18698,59,96,196,280,329,257,570,1639,3986,6443,2999,302,105,109,111,151,68,42,15,8,42,169,1486,-1
23430,191,196,297,371,255,196,586,1581,3855,3447,2125,183,54,46,72,112,111,79,66,69,153,296,389,-1
19294,214,214,303,520,514,393,778,1789,3726,4843,2766,302,142,112,158,187,144,51,37,73,162,299,1139,-1
21492,192,213,305,438,589,555,677,1478,3268,3996,2360,481,182,176,186,214,99,43,39,75,171,405,526,-1
19323,219,295,359,520,434,367,759,1596,3753,4922,2914,272,83,63,91,115,89,53,45,43,105,222,1518,-1
19301,169,250,330,371,330,392,843,1273,2782,4523,4188,364,137,130,168,188,159,78,71,90,103,224,1696,-1
21334,141,131,197,295,379,772,1067,1430,3114,4934,1869,390,252,218,157,143,98,54,24,37,95,332,697,-1
21552,186,199,297,500,401,285,662,1530,3837,4197,1883,405,111,78,162,188,170,81,55,126,298,518,439,-1
24384,167,182,186,215,330,418,777,1543,3033,3310,1894,381,161,133,84,64,66,49,48,66,105,234,330,-1
21046,179,205,272,328,372,296,707,1775,3544,4781,2648,355,168,164,190,213,139,61,41,76,80,224,296,-1
18591,182,192,251,279,378,493,1117,1975,3699,5201,2409,585,377,303,344,239,150,75,59,119,218,387,537,-1
20119,165,215,305,377,399,306,879,1859,3631,4837,2388,249,146,114,121,211,169,96,55,74,121,315,1009,-1
24954,154,174,258,272,202,291,538,1289,3146,3267,2019,373,144,106,105,110,73,56,29,26,68,214,292,-1
18272,280,291,459,518,315,310,843,1479,3624,5276,2551,290,125,133,183,222,212,122,191,224,323,518,1399,-1
22386,209,192,270,404,421,387,644,1501,3254,3948,2162,257,112,111,176,255,192,114,60,132,250,348,375,-1
21204,131,151,204,327,238,187,666,1295,3196,4454,2836,708,317,333,186,179,149,115,55,51,106,330,742,-1
21333,216,231,430,562,449,392,536,1529,3722,4141,2073,417,110,85,156,238,149,74,82,149,281,483,322,-1
21144,200,214,396,525,386,351,637,1709,3903,4008,2190,371,117,121,162,256,277,158,101,135,170,301,328,-1
20628,244,286,376,492,419,377,519,1341,2845,4244,2637,839,369,258,302,353,271,114,87,142,214,382,421,-1
16497,176,159,168,299,358,348,756,1465,3968,7169,3558,317,112,99,160,195,125,127,89,154,282,560,1019,-1
20854,325,329,510,578,564,623,1322,2040,3334,3357,2016,408,241,217,186,153,96,66,69,104,128,258,382,-1
18814,148,160,257,323,385,374,797,1683,4099,5172,2599,169,90,98,121,138,56,62,46,71,143,380,1975,-1
19957,117,148,281,411,449,418,785,1576,2792,4549,3580,333,128,128,124,145,63,48,31,42,126,343,1586,-1
20546,131,161,218,279,306,290,739,1678,3411,5073,2566,284,156,71,52,36,59,42,44,45,106,335,1532,-1
18686,286,312,426,452,473,457,608,1471,3681,4969,3012,642,169,173,229,183,130,113,103,152,284,480,669,-1
19503,182,245,356,559,522,566,752,1648,3393,4581,2682,757,384,294,275,238,144,68,52,109,194,308,348,-1
22405,335,396,489,576,454,303,435,1481,3034,3610,1701,451,180,129,193,336,307,168,97,143,227,425,285,-1
21649,167,159,273,420,381,337,688,1461,3313,4200,2816,355,188,161,115,127,68,33,26,63,109,256,795,-1
21756,131,165,208,254,274,403,682,1485,3478,4705,2667,271,80,50,56,50,72,51,33,72,139,204,874,-1
21570,119,136,258,406,380,282,512,1144,3317,5055,2749,375,133,161,191,227,108,35,27,46,124,315,490,-1
24788,90,113,212,257,132,129,401,870,2799,4256,2676,253,70,49,59,61,68,19,15,45,104,217,477,-1
18496,140,175,305,494,384,390,900,1692,3733,4978,3673,440,164,103,58,107,79,77,59,62,119,286,1246,-1
22788,288,354,455,584,508,557,778,1484,2440,3020,1888,407,154,166,251,300,295,221,109,158,257,356,342,-1
23709,276,321,367,390,353,468,803,1645,3212,3096,1433,295,130,124,168,211,113,71,49,66,134,341,385,-1
24378,104,127,202,289,286,240,742,1384,3304,4055,1515,281,135,94,103,117,69,68,78,65,98,172,254,-1
23446,88,98,224,270,245,251,530,1435,3118,4134,2282,356,155,84,87,92,59,13,7,23,85,263,815,-1
20486,190,249,295,355,397,398,563,1209,3797,4909,2787,404,217,156,220,294,159,72,69,106,156,260,412,-1
21527,249,222,324,370,354,327,569,1344,3105,4202,2411,589,148,95,167,279,267,171,162,183,216,354,525,-1
22437,176,156,270,562,508,371,493,1506,2980,3782,1936,378,153,176,213,363,197,94,114,149,271,484,391,-1
22941,118,152,382,574,426,234,508,1690,3905,3749,1868,252,81,63,80,115,68,29,31,30,159,335,370,-1
13964,177,257,352,664,873,681,1091,2507,5797,6705,2711,393,144,111,129,154,109,99,99,163,177,332,471,-1
23716,104,113,228,435,405,387,680,1303,2675,3163,2850,312,126,83,183,182,94,43,14,34,76,123,831,-1
23881,180,207,217,338,285,245,416,1177,2741,3846,1954,446,194,165,211,366,327,98,61,103,135,233,334,-1
23146,106,97,125,177,296,282,578,1274,2983,3978,2938,229,106,58,109,92,47,19,21,42,115,259,1083,-1
22581,109,120,226,324,283,233,504,1298,3143,4602,2865,369,154,147,115,86,66,58,22,61,96,285,413,-1
20597,104,171,211,267,376,410,598,1725,4308,5020,1794,332,157,165,131,166,105,76,70,98,157,307,815,-1
